999
900
3 67 74.0
3 53 51.0
3 1000 19.0
3 60 83.0
3 61 60.0
900 32 58.0
900 74 43.0
5 48 98.0
5 99 4.0
5 37 97.0
5000 19 69.0
5000 37 87.0
5000 88 68.0
5000 25 38.0
5000 106 10.0
5000 91 38.0
18 3 75.0
18 116 94.0
18 118 48.0
18 71 100.0
18 87 90.0
18 27 51.0
18 75 29.0
18 77 18.0
18 31 1.0
19 35 91.0
19 51 74.0
19 91 81.0
21 65 71.0
21 51 95.0
21 118 70.0
21 58 91.0
21 74 49.0
25 64 97.0
25 82 87.0
25 100 84.0
25 101 31.0
25 76 9.0
25 92 53.0
25 29 16.0
26 4000 94.0
26 88 52.0
26 57 22.0
26 46 54.0
26 110 85.0
26 111 31.0
28 4000 11.0
28 1000 87.0
28 88 29.0
28 27 55.0
28 46 96.0
25500 32 97.0
25500 18 82.0
25500 102 56.0
31 64 76.0
31 33 97.0
31 34 54.0
31 116 31.0
31 12 46.0
31 61 71.0
4000 105 94.0
32 64 68.0
32 18 7.0
32 98 30.0
32 37 52.0
32 87 56.0
32 78 97.0
33 82 38.0
33 117 59.0
33 72 4.0
33 3000 94.0
33 74 18.0
33 108 74.0
33 94 75.0
37 56 91.0
37 45 77.0
38 2 66.0
38 1000 56.0
38 89 55.0
38 107 67.0
38 46 76.0
41 49 100.0
41 86 92.0
41 103 94.0
41 1000 15.0
41 26 45.0
41 92 81.0
41 108 39.0
153000 90 26.0
153000 59 84.0
153000 12 81.0
153000 76 28.0
153000 13 96.0
49 17 75.0
49 114 33.0
49 3 90.0
49 68 86.0
49 102 14.0
49 3000 42.0
49 29 55.0
49 78 68.0
49 110 73.0
51 49 45.0
51 97 36.0
51 66 54.0
51 83 44.0
51 60 89.0
51 79 89.0
53 112 9.0
53 81 64.0
53 97 24.0
53 51 7.0
53 83 50.0
53 102 4.0
3000 80 71.0
3000 108 75.0
3000 109 94.0
56 2000 94.0
56 67 96.0
56 24 50.0
56 3000 6.0
56 27 75.0
99000 49 67.0
99000 99 69.0
99000 47 62.0
58 2000 73.0
58 81 37.0
58 18 34.0
58 67 78.0
58 10 43.0
58 109 4.0
62 49 15.0
62 35 68.0
62 5000 56.0
62 45 37.0
62 78 52.0
67 18 20.0
67 900 38.0
67 10 48.0
68 17 8.0
68 113 37.0
68 19 59.0
68 37 20.0
68 86 55.0
68 75 30.0
68 109 76.0
68 94 53.0
69 65 57.0
69 71 80.0
69 3000 68.0
69 29 66.0
69 14 70.0
69 79 70.0
72 108000 73.0
73 64 19.0
73 2 53.0
73 18 28.0
73 5 5.0
73 103 45.0
73 5000 15.0
73 72 3.0
73 26 55.0
73 75 14.0
73 76 18.0
73 93 84.0
74 80 90.0
74 117 6.0
74 6 34.0
74 118 50.0
74 89 41.0
74 63 44.0
76 66 29.0
76 900 60.0
76 53 55.0
76 103 69.0
76 1000 7.0
78 113 20.0
78 103 31.0
78 12 63.0
78 95 66.0
151500 16 69.0
151500 2 86.0
151500 900 49.0
151500 5 95.0
151500 86 38.0
151500 28 78.0
151500 13 83.0
151500 45 4.0
2000 67 33.0
2000 21 35.0
2000 5 49.0
2000 73 98.0
2000 106 95.0
2000 62 40.0
2000 78 9.0
80 96 73.0
80 51 58.0
80 73 85.0
80 94 97.0
81 2 94.0
81 103 80.0
81 24 20.0
81 72 33.0
81 74 3.0
81 45 89.0
81 62 53.0
83 65 21.0
83 82 39.0
83 1000 44.0
83 27 49.0
83 59 27.0
172500 33 54.0
172500 97 44.0
172500 100 31.0
172500 5 20.0
172500 85 85.0
172500 23 88.0
172500 11 80.0
172500 91 64.0
88 16 20.0
88 98 20.0
88 83 99.0
88 71 50.0
88 105 18.0
89 100 84.0
89 117 25.0
89 27 4.0
89 79 2.0
91 2 49.0
91 89 63.0
91 107 35.0
91 61 13.0
91 109 43.0
93 18 97.0
93 68 72.0
93 3000 1.0
93 59 14.0
93 107 34.0
94 49 24.0
94 99 87.0
94 118 69.0
94 73 81.0
108000 4000 5.0
108000 93 97.0
98 113 1.0
98 900 10.0
98 72 50.0
98 47 13.0
101 151500 84.0
166500 112 24.0
166500 82 19.0
166500 83 83.0
166500 99 44.0
166500 101 11.0
166500 22 68.0
166500 87 47.0
166500 42 39.0
166500 63 32.0
103 52 71.0
103 5 98.0
103 7 23.0
103 3000 78.0
103 111 81.0
999 4000 1000.0
999 2000 1000.0
999 5000 1000.0
999 3000 1000.0
999 1000 1000.0
1000 81 88.0
1000 18 57.0
1000 51 93.0
1000 115 87.0
1000 68 34.0
1000 53 33.0
1000 89 89.0
1000 91 57.0
1000 94 33.0
1000 31 36.0
105 3 32.0
105 83 1.0
105 102 50.0
105 57 92.0
105 73 73.0
106 113 94.0
106 116 36.0
106 87 71.0
106 58 67.0
106 74 92.0
108 51 56.0
108 116 57.0
108 77 93.0
109 51 63.0
109 52 16.0
109 69 94.0
109 57 3.0
112 34 94.0
112 69 11.0
112 103 90.0
112 3000 49.0
112 89 32.0
112 43 16.0
112 91 37.0
112 107 68.0
112 14 58.0
6000 58 49.0
6000 83 65.0
115 172500 31.0
75000 25 85.0
75000 2 97.0
75000 82 15.0
75000 90 14.0
171000 66 14.0
171000 35 47.0
171000 37 51.0
171000 22 10.0
171000 71 66.0
171000 106 50.0
171000 28 76.0
